100
1 2 
2 3 
2 4 
2 5 
1 6 
1 7 
3 8 
2 9 
9 10 
7 11 
5 12 
1 13 
7 14 
10 15 
13 16 
9 17 
16 18 
2 19 
1 20 
17 21 
18 22 
19 23 
3 24 
9 25 
1 26 
20 27 
4 28 
24 29 
3 30 
7 31 
10 32 
6 33 
2 34 
12 35 
24 36 
28 37 
8 38 
32 39 
10 40 
40 41 
41 42 
26 43 
19 44 
9 45 
33 46 
33 47 
5 48 
43 49 
16 50 
5 51 
8 52 
35 53 
8 54 
17 55 
6 56 
37 57 
49 58 
22 59 
25 60 
37 61 
27 62 
43 63 
35 64 
19 65 
31 66 
52 67 
58 68 
35 69 
22 70 
45 71 
39 72 
69 73 
60 74 
16 75 
41 76 
45 77 
18 78 
26 79 
41 80 
45 81 
15 82 
73 83 
7 84 
22 85 
78 86 
19 87 
67 88 
85 89 
19 90 
47 91 
14 92 
6 93 
39 94 
58 95 
59 96 
70 97 
34 98 
23 99 
6 100 
